-3.0769108997374193e-13
8.45025445638152e-11
0.21064830149382432
9.56248416542553e-13
1.4569168589337282e-10
0.21064830149379374
-3.408328325584301e-13
2.582819495879921e-11
0.21064830149380454
-2.5342219933375484e-13
8.090346948536103e-11
0.2106483014938213
-2.247478238131812e-12
1.0790523563641859e-10
0.2106483014938555
4.935192230426995e-12
-2.14780664459604e-09
0.21064830149395372
1.7368369152682917e-12
-2.1770092863495203e-11
0.21064830149397332
1.6613036626911863e-12
-6.967324738959218e-10
0.2106483014937734
6.526865479933431e-12
-3.143954792099839e-09
0.2106483014937283
-3.7830339293800325e-11
-1.2509090831895862e-08
0.21064830149248076
6.3002383017737455e-12
-3.840628419339643e-11
0.21064830149379427
-9.895518311073303e-12
-3.847526021886777e-09
0.21064830149325356
-5.835804865667484e-12
-4.361156069470207e-09
0.21064830149395358
1.5516878859743342e-13
-1.447529315267843e-08
0.2106483014944099
2.0869281399948124e-10
4.0307104486799045e-08
0.21064830150273134
-1.9585628825980522e-11
-3.597156604929806e-10
0.21064830149270009
-8.138602150902646e-14
-1.0628012103623408e-08
0.21064830149416744
5.5594699385422225e-11
-1.7505018861086663e-08
0.21064830149700614
-1.902582090590182e-11
5.178039563669698e-08
0.21064830149359837
-1.5346450173790028e-10
1.176230896077156e-07
0.21064830148905953
-9.077648727890628e-10
1.003489326169812e-06
0.21064830145914024
9.469255360394811e-12
2.075419708424549e-09
0.21064830149422886
5.095630980769004e-11
-2.6814490779464866e-08
0.21064830149710678
-8.288292823494009e-11
-5.26854518352072e-08
0.21064830149200583
-2.1586169846964232e-10
1.5390180735148078e-07
0.21064830147876862
4.3357525093938513e-10
9.464832114039765e-07
0.2106483014832172
1.2052222375761213e-09
1.900383304032494e-06
0.21064830150173872
3.1346341797209307e-09
7.717558448979952e-06
0.2106483015302819
9.404206141242349e-11
1.6680825499234065e-08
0.2106483015003474
-1.165953309246236e-10
-5.2615151141986244e-08
0.21064830149263972
-9.607393155942722e-11
-1.5827903499176944e-07
0.21064830147598618
7.027920104321932e-10
2.7282659171642805e-07
0.21064830149239894
2.051665332513987e-10
2.6234431106152865e-06
0.21064830157564832
-3.623634077971327e-09
7.694048578013654e-06
0.2106483016839514
-6.115098938648514e-09
1.3367815945248508e-05
0.21064830166788728
-8.081159973993168e-09
3.87093460492442e-05
0.21064830182332778
-1.9373949870160948e-10
5.39344599535453e-08
0.21064830150315947
-7.340536153984972e-11
-6.573315126611277e-08
0.21064830147354346
7.146176746033297e-10
-3.9161786454532843e-07
0.21064830148417701
-6.924358306313141e-10
1.4841425943214155e-07
0.21064830162161896
-3.334863426171109e-09
5.3249078106056885e-06
0.2106483015804319
4.807016331436658e-09
1.983435683771078e-05
0.21064830087050274
2.1206986730502457e-08
4.220792046634235e-05
0.21064829989611192
2.285030880182812e-08
6.378601286652886e-05
0.21064830000723508
1.18839575378725e-08
0.00014537497463893264
0.21064830008052882
-3.2138438350038134e-10
1.0511392602546171e-07
0.21064830147885166
7.683260658186281e-10
-1.721290360627975e-08
0.21064830145287505
-8.26216850635354e-10
-7.169315444635419e-07
0.21064830163224046
-2.4831591706451866e-09
-7.199938722300979e-07
0.21064830158224204
8.65157857405484e-09
8.015161942799994e-06
0.21064830058917652
6.335832285589394e-09
4.013709927403924e-05
0.2106483009134954
-4.963293882221288e-08
0.00010246783436008445
0.21064830494951653
-9.553156665464274e-08
0.00017466028687873264
0.2106483081183249
-6.046856282433815e-08
0.0002307487060426595
0.21064830579940547
1.20119099937972e-08
0.0004322329919862279
0.2106483014205906
1.2128739162326703e-09
1.2567996007747854e-07
0.2106483013778606
-3.137210895587022e-10
1.2407120156375497e-07
0.21064830155445202
-2.8816762728228134e-09
-8.959371660785382e-07
0.21064830176108829
8.912904944869163e-09
-2.638232762769231e-06
0.21064830065239434
-1.8610438560163115e-09
7.870172646653471e-06
0.21064830086030312
-4.9876058874557436e-08
6.542914501212384e-05
0.21064830611717095
5.136918370608495e-08
0.00020384244551223933
0.21064830789600184
3.096090301316251e-07
0.00040315688596705927
0.21064830085545325
3.2960990467217805e-07
0.0005727968762084523
0.21064829900677262
8.19719775612109e-08
0.0006643079895814342
0.21064830394034098
-1.2695941321634826e-07
0.0010479711480556647
0.21064830968072676
1.786754071965765e-09
6.802713775902596e-08
0.21064830128350434
-4.057756964794044e-09
2.933361896406175e-07
0.21064830180388888
7.162114342773784e-09
-5.881402251456462e-07
0.21064830139968097
1.5871884091202359e-09
-4.928055931900275e-06
0.21064829962917528
-4.7015008602810304e-08
1.6297898030413795e-06
0.21064830521969546
9.297743926220628e-08
8.348686776300114e-05
0.21064831131434486
1.4178770632884605e-07
0.0003393105735828998
0.21064827803029948
-6.663981045635591e-07
0.0007869888400481072
0.2106482050278244
-1.4268106161138825e-06
0.0012654347773454844
0.21064816768278102
-7.860466970602534e-07
0.0015287991716385967
0.2106482110042493
1.4015660565697172e-07
0.0015632271103675122
0.21064827780135467
3.053968743963384e-07
0.002111542649484661
0.21064831617417767
-4.742354360234042e-09
-5.172301499457097e-08
0.21064830102671617
4.6212647732637676e-10
3.4563178146727775e-07
0.2106483023041387
1.403728737171875e-08
2.290656003497915e-07
0.21064830025999018
-5.134613478093297e-08
-5.770646017579498e-06
0.2106482990988075
7.564587442415459e-08
-1.0436338528416653e-05
0.2106483193596185
1.0483690107645098e-07
7.558971819791463e-05
0.2106482799472032
-7.057279089652974e-07
0.0004665114686873745
0.21064819846835062
4.269098313939422e-07
0.0013201318156629905
0.21064847468496148
4.49385947439019e-06
0.002427178380406684
0.21064903071346408
4.875910757585567e-06
0.0032460136470506026
0.21064904177377308
7.123281021604292e-07
0.0033752408645525067
0.21064849955670564
-1.0276042192053713e-06
0.0030607976408101143
0.21064821917183754
7.004557941732976e-08
0.0035874173296942917
0.2106482588710476
-1.564701131344169e-08
-1.4802815034057275e-07
0.2106482997234102
2.0695809678313342e-08
2.070757296719159e-07
0.21064830437885712
-3.0493117659337694e-08
1.0429876097805907e-06
0.21064829474942556
-5.95318958376513e-09
-3.889628277750568e-06
0.21064830894427275
2.1561068723522824e-07
-2.140149799273882e-05
0.21064832552381288
-6.775759362487235e-07
3.220407086552291e-05
0.21064817371865313
6.32662776637636e-07
0.0005053850648718139
0.21064840376979863
2.8343469193306784e-06
0.0018869563749332355
0.21064896598715327
-8.65469396842754e-06
0.004100309237102562
0.2106483389936576
-2.1487704491823137e-05
0.006134595676490678
0.21064747153847954
-1.0721679435255258e-05
0.006899291539088178
0.21064816841610734
3.256209623987171e-06
0.0062372749393772445
0.21064879464472985
1.6762166012859938e-06
0.005061472923268278
0.21064841432059472
-2.0236907442521394e-06
0.005204694324776048
0.21064811065222955
-1.8052117622595374e-08
-1.4833429701198957e-07
0.21064829838519122
3.764415003987924e-08
-2.6418034557013117e-08
0.21064830678254992
-1.1140355018093707e-07
1.2606958059045776e-06
0.21064828774443517
2.651295018237129e-07
-3.1181659980471184e-07
0.21064832579603043
-3.7722620761903037e-07
-2.2983686301659634e-05
0.21064831236207404
-2.5725171544479207e-07
-2.6380746583032404e-05
0.21064804947853047
3.2939412208291093e-06
0.0003875814294532292
0.2106489423726801
-8.64357909985654e-06
0.0022110792739244347
0.2106494416110946
-5.484438152915728e-08
0.006066856119744795
0.21064105898539295
6.557522714727916e-05
0.010511413305595954
0.2106269354077527
7.300541534439036e-05
0.01289104459598059
0.21062742185687994
3.747138134095202e-06
0.012249613893967193
0.21064198956203115
-1.390330611714519e-05
0.0097597585645104
0.21064970761050963
3.595667981702111e-06
0.007178008884907476
0.21064870968749896
1.5224142211517574e-06
0.006509595826528939
0.21064786715908113
-8.503697700808388e-09
-6.552968419506947e-08
0.2106483002124576
2.8589017520045613e-08
-1.8303421131503897e-07
0.21064830344049457
-1.30054124656137e-07
8.049296045306125e-07
0.21064830050535518
5.055222818422921e-07
2.519931558363682e-06
0.21064827698290448
-1.5712939044516454e-06
-1.4545785204854615e-05
0.2106485096383319
3.617282952027725e-06
-6.303158713902323e-05
0.21064722670361155
-4.528717751787762e-06
0.00015863514365325546
0.21065198134248223
-6.284894753504004e-06
0.001965752428898293
0.2106427304318044
5.135707548342182e-05
0.007541719869134034
0.21063146731932075
-0.0001019057430303294
0.016338823455676926
0.21072951029380957
-0.00033231580205404256
0.022753624621587473
0.21081775481187012
-0.0001404191790163839
0.022637086246783126
0.21072175549895755
6.677109671305353e-05
0.018250198594263495
0.21063089888770303
4.020933502707618e-06
0.013154536035119728
0.21064439249093567
-1.2847258824832004e-05
0.008862265205638922
0.21065159905816241
1.1411054607944848e-05
0.007019717794530718
0.21064613451208103
7.83400029446219e-10
2.3311875781824788e-08
0.21064830371182652
5.556778325056719e-09
-1.807498918300709e-07
0.21064829628524376
-5.812907010599864e-08
1.196555726011333e-07
0.2106483274992586
3.7812235411024125e-07
3.1295021935020725e-06
0.21064817567981486
-1.863732728692098e-06
-3.1150368699138194e-06
0.2106488827744196
7.2812129852333676e-06
-6.150839745988167e-05
0.21064585375254086
-2.2252463110834637e-05
-4.297717285921199e-05
0.21065692748080878
4.9050072273416086e-05
0.001217408485844574
0.21062779087722766
-5.279952280349774e-05
0.007193087190711855
0.2106490012948698
-0.00013739980355932833
0.021904990542063348
0.2108375693359636
0.0009568871514885964
0.038667438710348445
0.21083048475478136
0.0011221788506149473
0.04205914929777889
0.2108111963578992
-0.00010086789085414926
0.03277498471886755
0.2107757123086506
-0.0001512071536907659
0.023080528880811208
0.21063625862196236
8.414178368376023e-05
0.015702548497777597
0.2106386845899227
-2.7972035029627618e-05
0.009565785742218735
0.21065326707895018
1.1724654578125967e-05
0.006449720320205127
0.2106454485112584
1.856128218165054e-09
5.7320302142624126e-08
0.21064830376665353
-4.5834633432809625e-09
-7.798121579813877e-08
0.2106482960889589
8.503304385456457e-09
-3.094823284237107e-07
0.21064832551831586
5.806167878835243e-08
1.95715570781957e-06
0.21064819569766408
-7.80450060355007e-07
4.287880826328692e-06
0.21064873691784058
5.369629340830661e-06
-3.6024514472321535e-05
0.21064674648026044
-2.6990173510853276e-05
-0.00012909316262988698
0.21065199800510545
0.00010508764563980622
0.00043535208550581046
0.2106546859810899
-0.00031298220701483627
0.004980007898975258
0.21048353315660018
0.0006707799252205028
0.02201556437079848
0.21196300235070614
-0.000691510026097812
0.059002041882791616
0.20327192094893798
-0.005415127134460922
0.08316352730058735
0.20066322476311346
-0.0015197218476333126
0.06344682675778336
0.2091512773132127
0.0012395715551563563
0.038008341459371285
0.21140356216281558
-0.0003988019048539269
0.026147188204834693
0.2104964991319193
8.648875514051257e-05
0.016808559887971218
0.21067232305356895
-1.3878044152309557e-05
0.008950398403205629
0.21064504384115784
2.0324374504954185e-06
0.004909743829151539
0.21064920678974425
-1.4475554472491998e-10
3.746792098213399e-08
0.2106483013500363
-1.304361261087882e-09
1.5307773920791733e-08
0.21064830168046167
1.2106481046897275e-08
-3.421713728919476e-07
0.2106482992445458
-6.403614412017367e-08
4.282858029696916e-07
0.21064831892513447
1.6762718822908106e-07
5.673827857051155e-06
0.21064816655096355
5.73057753103684e-07
-9.34425776972166e-06
0.21064930294122053
-1.0439301963749386e-05
-0.00011626349101197452
0.21064128331824875
7.691718460948305e-05
-3.425032624265283e-05
0.2106939641229198
-0.0003935977224864605
0.0024573395121050335
0.21038227162109893
0.0014916000612150613
0.015634444039923645
0.21187218617408402
-0.004242681652400399
0.06339227841888141
0.20928153915440192
0.018899962031134542
0.14558431964347485
0.09857469689941784
0.015812646492497712
0.13843942324097558
0.1089299973296894
-0.006522510357944213
0.06702668060547307
0.22134283382101544
0.0012667477201480887
0.039028952276336355
0.21014995990004032
-0.00016482422467641966
0.027438385032197917
0.21061650080300962
7.656853506187915e-06
0.016003153017461146
0.21066728149874545
2.8477856947067224e-06
0.007131220288131876
0.21064339386857917
-1.8280855584265e-06
0.002910912114794277
0.21065042788298913
-3.5036078879234564e-10
2.0201095032410415e-09
0.2106483007453006
9.858007625658544e-10
4.2896904648927194e-08
0.2106483033677745
-2.3940215666015476e-09
-1.6147428335041825e-07
0.2106482920593716
-8.825581877634995e-09
-4.2005664210228406e-07
0.2106483491636777
1.4675549018444124e-07
3.415128714098078e-06
0.21064805985069948
-9.392106144453818e-07
5.355372365171812e-06
0.21064951615889038
3.1834534756664345e-06
-6.320413918243126e-05
0.2106424304181735
3.593891262945853e-06
-0.00018863692191895071
0.2106735610726072
-0.0001389763619625222
0.0008010891158698216
0.21057751524411403
0.0011301849952187453
0.008128105303807177
0.21036719281994273
-0.005826437300027046
0.04455209626157038
0.22011766649402828
0.019317693511999315
0.158583863047115
0.08096906264329157
0.09974644438737092
0.22474590556781482
0.0057291210163071945
0.017106914887585093
0.13088250056850767
0.12162381375869612
-0.0017470737868542367
0.05644175634248502
0.22179224938447092
-4.911779537007876e-05
0.039344403844940944
0.20946487058321284
5.7172122108241745e-05
0.026259939269026148
0.21077189304212002
-1.264209989986628e-05
0.013399560481033414
0.21063613028979963
1.5973613077950422e-06
0.004711140055327678
0.210649276757272
3.5668973387495955e-08
0.001161082731863896
0.21064821085464924
1.4641844267661869e-10
-1.8781288967868732e-08
0.21064830148225788
6.446831373085047e-11
2.3204674883166526e-08
0.2106483016814604
-1.7859577365127914e-09
-8.031356967012037e-10
0.21064830091163833
1.318860794464672e-08
-4.855623653443898e-07
0.21064830369177337
-5.266876263495844e-08
8.103815923461728e-07
0.21064830021550457
1.657082673704586e-08
7.806735991911546e-06
0.21064821439262404
1.5479602798540793e-06
-1.6882940846048295e-05
0.21064957031868564
-1.34379692610032e-05
-0.00016159076636627546
0.21063462959902737
6.118595893647784e-05
1.8437412832559797e-05
0.2107814607437805
-4.880226900727448e-05
0.0034396123960959086
0.2093962328943431
-0.001976571672504472
0.021621390041837163
0.22246906794590213
0.018874675504254736
0.10444068933823106
0.118140054561709
0.09999038378818619
0.22219335749257357
0.005646191773424343
0.017222328039941316
0.18391804471030052
0.08433222271418633
-0.005041660937453744
0.08249835761353545
0.21901211204568494
0.0009917792073750066
0.05102526462844889
0.2104647481683831
-0.00012345187385947576
0.037568834352892405
0.21057224883781833
2.823369245866729e-06
0.022596686934485456
0.2106737943819043
3.04732374049515e-06
0.009835224367689188
0.21064236150282736
-9.96162296747763e-07
0.002591994001966022
0.21064950036042168
4.1007721608982884e-07
0.00021541641676067663
0.210647495995677
-3.6427580963586574e-10
6.290902887944803e-09
0.2106483008035429
9.81595798314438e-10
5.50759546708333e-08
0.2106483032066063
-2.110610377893784e-09
-2.136080883389979e-07
0.21064829291930381
-1.1348659597256467e-08
-4.5793794976031007e-07
0.2106483443889241
1.5968462293001268e-07
4.430485952452258e-06
0.210648086762641
-9.619890491667713e-07
5.265934746125206e-06
0.2106493600292449
2.8513869541250494e-06
-8.135383503813915e-05
0.21064336994581484
8.291085112821451e-06
-0.00020633088486331092
0.21066765970073006
-0.00017755537544002619
0.001069875081510589
0.2106163416976262
0.0013701649019121798
0.009272255675123455
0.21010667504723332
-0.007012876647366132
0.04422963539165682
0.22194188454116184
0.01607639982278735
0.13252407278970343
0.1081428251549638
0.01729511172257537
0.1658842616997804
0.10162361553677862
-0.0037187963604241093
0.10098363354963763
0.20884683327059814
0.001296752635178646
0.062235866000846164
0.21192361005869226
-0.00034828515678781997
0.04770270001675573
0.21039056525508987
6.955028492397658e-05
0.03283658373057436
0.21068878776451297
-9.553309256799307e-06
0.017555632397726614
0.21064235602871653
5.578465997691136e-07
0.006676918203206178
0.210649093149926
3.1693380811246847e-07
0.0016567244315547108
0.2106480984634702
-5.285187710237596e-11
6.347981952994201e-08
0.21064830148904656
-1.6405347335899617e-09
1.3132353948294715e-08
0.21064830135837817
1.326944809477438e-08
-5.263866401918301e-07
0.2106483012143477
-6.327284778821783e-08
1.0049617623693143e-06
0.21064830735550816
1.1458877711265339e-07
8.384262132260691e-06
0.21064823774816607
1.0819208387973828e-06
-2.0535940545459037e-05
0.210648850846923
-1.3630050749690412e-05
-0.00017058347061971196
0.2106441789164644
9.082972059760057e-05
7.18592110493247e-05
0.21067581754050307
-0.00042202803117353296
0.0036343136640343
0.21048744371569142
0.0013074636112726259
0.018431464782677813
0.21140232067524647
-0.0015534705283340288
0.0569319091802083
0.20922133857180703
-0.005141065330907633
0.09730131706330478
0.20049914327053348
-0.0006262382116840097
0.09321675563876436
0.20351890407538095
0.0005888493528390835
0.06898869887660765
0.2119575928435494
-0.00027598272587342986
0.05514153806680921
0.21049384115913156
9.48414205529418e-05
0.0419290615097144
0.21064738130808702
-2.4934704372859107e-05
0.026397952861260534
0.21065423443247203
5.312696253740331e-06
0.013074440328087297
0.2106462491945384
-1.4348661071678084e-06
0.005353940183138286
0.21064928338755867
1.9993683847382487e-09
1.0145102975045283e-07
0.2106483033198475
-4.243683068978194e-09
-1.9035169086310351e-07
0.21064829725085638
2.9979832868365106e-09
-4.206524292980294e-07
0.21064832025599856
1.0045731587461212e-07
4.346894644356582e-06
0.2106482193107533
-1.004389105792348e-06
4.577119815847357e-06
0.2106486433371923
6.138719073148549e-06
-7.822468960814361e-05
0.21064700968801903
-2.7398913237826586e-05
-0.00017977516717353269
0.21065231141242605
8.759141387483255e-05
0.0010349691160009206
0.21064106257242382
-0.00015826533574014637
0.007795343885728944
0.21063308356721414
-0.00010054167916156001
0.026043845553605918
0.21077394069023464
0.0010871541507773141
0.05195510521642691
0.21081808554228595
0.0008889649504450074
0.06763917108166546
0.21085469457805453
-0.00012424137814893047
0.06628839801797579
0.21082324333105443
-4.675677331283775e-05
0.05833604040715901
0.21065299224787082
4.429088265218438e-05
0.04809277057175771
0.21062407851860476
-2.062113667716211e-05
0.0343948946886393
0.2106587646581572
7.25803871904134e-06
0.02068560238556765
0.21064532339782233
-3.471184899631819e-06
0.011254412123572383
0.21064962077755217
-1.7520495179324206e-10
-4.658508757338098e-09
0.21064830264537882
9.011997690073708e-09
-4.6564822453573823e-07
0.2106482988939685
-7.321352859783933e-08
8.486612054754e-07
0.21064831433205225
4.2054838275752046e-07
7.147732440477876e-06
0.2106482412788779
-1.8297818875515094e-06
-1.7270638019854294e-05
0.21064856557719935
5.945614185562727e-06
-0.00014000345921988635
0.21064728901203345
-1.2469102240736606e-05
7.075269987107483e-05
0.2106512506093735
4.407359482259984e-06
0.002827285415806931
0.21064467257796746
6.730693110944096e-05
0.012141262944617651
0.21063113109217416
-0.00013722258442602062
0.028850969786216436
0.21072218447376165
-0.00031576697827770986
0.04597156919533495
0.2108155079449945
-9.398741992473914e-05
0.0553750009469322
0.21072795075012943
4.674647969883656e-05
0.05594183556585952
0.21063164509984272
-5.77748397832997e-06
0.05016301759784369
0.21064251410348575
-4.218685197590058e-06
0.03975923955627737
0.21065246734176063
3.639599742708512e-06
0.02775936870870946
0.2106469763268113
-2.9473926550885807e-06
0.018402063449123884
0.21064882692210382
-1.0485202973589994e-08
-3.190714433291763e-07
0.21064830030733755
3.104729898618644e-08
-4.192629151863989e-07
0.21064830346743074
-1.2477514818423177e-07
3.208161005646337e-06
0.21064829733665177
4.0836006457540796e-07
3.817739715234754e-06
0.2106483039105817
-9.296755834232762e-07
-5.641504418655614e-05
0.21064833827966484
8.107637044039714e-07
-0.00013177861273495163
0.21064809491100853
3.451014442406267e-06
0.0007081078615821091
0.2106486874907355
-1.395270893068145e-05
0.0050410385665232175
0.21064963719646018
3.5223284433861505e-06
0.015235121891762
0.21064199757065785
7.043172328896319e-05
0.02944554764682564
0.2106269319113672
6.196247894409433e-05
0.041959400212587226
0.21062672253114595
-7.831939181024653e-08
0.04831623081767849
0.21064101611267716
-8.003113908683975e-06
0.04764268299690379
0.21064976173724317
3.0893096727960515e-06
0.04136323392277184
0.21064880195596508
-2.4644699167465754e-07
0.03255147728092747
0.21064804498248368
-7.124763105711008e-07
0.025115833738772582
0.21064834686235392
-1.703113137768334e-08
-6.339782030015362e-07
0.21064830003855536
3.020485498529481e-08
3.6458197343926224e-07
0.2106483037279545
-6.827751571553869e-08
4.804695434023045e-06
0.21064829651022
8.172053407984369e-08
-9.881836515043352e-06
0.21064830706390641
1.6178947703507577e-07
-8.991323439227301e-05
0.2106483185791225
-1.025341919827719e-06
2.4214679379823227e-05
0.2106482029069518
1.5330152557497605e-06
0.0016485982647001251
0.21064840668449258
3.2740041043387547e-06
0.007021871763933963
0.21064878439612783
-1.0414305882012826e-05
0.016915639694260444
0.21064826725897456
-2.0655190792430382e-05
0.028582625122315287
0.21064776438366506
-8.213100217365618e-06
0.03755068403357486
0.21064851089993405
2.674273128500103e-06
0.0409681369271885
0.21064889905746798
6.017493118207112e-07
0.038898675858264085
0.2106483582707169
-6.903976078601579e-07
0.033929849686297434
0.2106482004831622
4.074463365959827e-07
0.02967619540111319
0.2106483400728982
-9.829544515902542e-09
-5.024142101827099e-07
0.21064830103023205
7.631480191573597e-09
1.6988827685996698e-06
0.21064830212960522
6.536849943263736e-09
2.8634959057863566e-06
0.21064830069932358
-6.9084128667503e-08
-3.0168449376507563e-05
0.2106482991572704
1.6085820147443285e-07
-8.169076630976416e-05
0.2106483169753934
3.4385441497803194e-08
0.00033642673486547275
0.2106482795375155
-9.701623755891311e-07
0.002626600016102226
0.2106482169785402
6.694513429199438e-07
0.00831581814679173
0.21064849655485637
4.735480616561115e-06
0.017027975015289645
0.21064897373381228
4.331713667987505e-06
0.025877222047315563
0.2106489384008052
4.09716576229128e-07
0.0315737432990228
0.21064845394731974
-6.773315348487096e-07
0.032924848369612666
0.21064822395250002
1.0197901556725072e-07
0.031638224717204934
0.21064827580230658
1.4402180762939922e-07
0.030963745007610708
0.21064833353185114
3.3785078516913864e-10
3.2008557583604184e-07
0.21064830136628115
-4.763216137308875e-09
2.56922237417391e-06
0.2106483016897174
1.355152216500027e-08
-3.535888207783326e-06
0.2106483014265819
-9.932075357204425e-09
-4.449680551467694e-05
0.2106483001765516
-5.7046665509088106e-08
-1.1260181536038186e-05
0.21064830450341349
1.5241789873388685e-07
0.0007207341324105678
0.2106483088739301
1.5128928425144437e-07
0.003348933383968465
0.21064827852766588
-7.629311465085015e-07
0.008613518119355762
0.21064821813480264
-1.3889068677757631e-06
0.015470480881375254
0.21064819079900576
-6.461783769493616e-07
0.021452098175686506
0.2106482215256071
1.3617685472831002e-07
0.024808528562714465
0.21064827592517193
9.822059999081926e-08
0.026313050303091376
0.21064830741032198
-9.028072751201178e-08
0.028749588813490653
0.2106483102539768
2.066079679672525e-09
1.4388291010709836e-06
0.21064830140141094
-1.5436468567813515e-09
1.8984727009810515e-06
0.21064830156270922
-2.5262652154408774e-09
-1.1561984831866038e-05
0.21064830165322027
1.384624210726851e-08
-4.036406051428884e-05
0.21064830075047697
-9.294908679282303e-09
0.00010563815871634297
0.21064830144198002
-6.3352275495445e-08
0.0010445567450521073
0.2106483057020715
6.697305501180532e-08
0.0035921676365774265
0.210648304538007
3.231389105911302e-07
0.00784234504189903
0.21064829547195965
3.0222473637675024e-07
0.012599650895242393
0.21064829602706256
5.0812002202323824e-08
0.01637857230298343
0.21064830634070728
-5.086754842787698e-08
0.019321431094846384
0.21064830724436073
-3.614964124370961e-09
0.023705345013502493
0.2106483004155617
-1.2105084569255247e-10
2.015054701106493e-06
0.21064830147737917
1.0552156658635613e-09
-3.165360496373399e-07
0.21064830146500832
-1.8192948641909438e-09
-1.6293260005848382e-05
0.21064830162477063
-2.4627267586381707e-09
-1.5882614624687857e-05
0.21064830149861744
1.2366836822773981e-08
0.00022369303202493833
0.21064830061882367
6.226360333679008e-09
0.0011911867072690982
0.21064830144264668
-5.5077977689869234e-08
0.0032957307676304472
0.21064830596291972
-9.43921366513812e-08
0.006273809157255081
0.2106483090229017
-4.8601701707510806e-08
0.009307343371334723
0.21064830556692415
5.484613558009633e-09
0.01234302126552098
0.2106483010867282
1.6860740435376974e-08
0.01719919168066477
0.21064829949029082
-3.6293648636256256e-10
1.5320929264526255e-06
0.2106483014998435
4.1673986789727694e-11
-2.807838321102856e-06
0.2106483014770622
9.62249714552107e-10
-1.4673785785876812e-05
0.2106483014921613
-1.284606483984296e-09
1.7974727764847963e-05
0.21064830161098289
-4.02738633330554e-09
0.0002943736725409326
0.21064830152943406
5.744092250465817e-09
0.0011185088277705587
0.21064830077422295
2.221229595095134e-08
0.0025993425956955395
0.21064829978080582
2.097376861736936e-08
0.004473856858430192
0.21064829978606572
5.346018474195336e-09
0.0067474946223059365
0.21064830078152091
-6.501995974185939e-09
0.010836003304439684
0.21064830171100027
1.0498203681128258e-10
3.012914471962251e-07
0.21064830149876304
-1.902886752405886e-10
-4.091781400468035e-06
0.21064830149118363
-5.849581650754778e-11
-7.887801059667737e-06
0.2106483014804925
9.274717015996301e-10
4.498310751661531e-05
0.2106483014991859
1.8279445093572175e-10
0.0002939896899613023
0.21064830157171902
-3.953681997323163e-09
0.0008775350322168745
0.21064830166504603
-6.413757352690688e-09
0.0017883425137274114
0.21064830172760055
-3.767803193009158e-09
0.0031038913985338137
0.21064830167297685
4.273114355579707e-10
0.005843136621957745
0.21064830166162019
3.025650379145228e-11
-8.542154734948882e-07
0.21064830149498154
6.111627720880714e-11
-3.66778982950214e-06
0.21064830149618613
-1.2497702521303427e-10
-9.820200324788417e-08
0.21064830149018776
-2.5227229186028124e-10
5.4443603864325135e-05
0.2106483014813135
4.6451221324301303e-10
0.00023402380436900942
0.21064830149181288
1.5222069281719696e-09
0.0005829600421127356
0.21064830150887778
1.468487612680566e-09
0.0011800021064730284
0.21064830150829197
7.817148163271743e-10
0.002658487064826933
0.21064830146931113
-2.8187504517149618e-11
-1.338196102911055e-06
0.2106483014928734
4.981249174517676e-12
-2.200104031055525e-06
0.2106483014945532
6.709817626537121e-11
4.884846766602857e-06
0.2106483014964609
-3.230725343780145e-12
4.6402952581397186e-05
0.21064830149280062
-2.8257677758498483e-10
0.00015058026787658003
0.21064830148189076
-4.1422846179832223e-10
0.0003620723640874907
0.21064830147830735
-5.159876842075578e-10
0.001005448396879215
0.21064830147529062
6.6805935102149446e-12
-1.1528449127487905e-06
0.21064830149366706
-1.1620512235191518e-11
-7.29826264521139e-07
0.21064830149340263
-1.5486261241723578e-11
5.799326244664729e-06
0.21064830149381866
3.8107387874506816e-11
2.9246019928261455e-05
0.21064830149629646
8.804305497148633e-11
8.617888500456021e-05
0.21064830149744102
2.0501792774351042e-10
0.0003101933556800329
0.21064830150264977
1.3813544060405259e-12
-6.70187842832062e-07
0.21064830149391686
5.071274997622112e-12
9.785626957350167e-08
0.21064830149380165
-2.5048117295249824e-12
3.7837204964943963e-06
0.2106483014934785
-1.2896211433334108e-11
1.4606334157740194e-05
0.21064830149336394
-6.169578554957413e-11
7.579473918488645e-05
0.21064830149214692
-1.870888328091219e-12
-2.4318575752866064e-07
0.21064830149383562
-3.2783065359509254e-13
1.9783866143360052e-07
0.21064830149385774
5.613303660498947e-13
1.3245691978396682e-06
0.21064830149386204
1.4870858573077992e-11
1.3878579244222826e-05
0.21064830149388442
3.576000402996626e-13
-5.076329177636556e-08
0.21064830149380426
3.5259324324195497e-13
-7.723938015569085e-08
0.2106483014938064
-2.8631266646288816e-12
1.6688161358107774e-06
0.2106483014938598
-3.243483434387594e-13
-8.082397146101128e-08
0.21064830149382296
4.807902195501953e-13
7.261741392407244e-08
0.2106483014938013
-7.821659890526703e-14
-2.987514248141492e-08
0.210648301493822
